[187.61315563493724, 66.53319816124187], 1
[258.2411500826143, 32.57680518295829], 1
[77.21230189210075, 21.40641460393633], 0
[167.84034134590442, 18.000349030951398], 1
[96.15355696876473, 213.7487489491878], 0
[335.89189949201767, 2.2259811977862087], 1
[180.89970410456058, 106.33124504240504], 1
[230.28718325356212, 20.383940634336103], 1
[213.62658177446835, 23.19999882235357], 1
[20.29653922072498, 218.8815568707978], 1
[230.14266497953412, 143.136840474198], 1
[219.558612482856, 269.37649447447245], 1
[32.39828983979998, 294.7159534017815], 1
[154.8171500460489, 290.85671997672927], 1
[111.44077864283982, 291.97402136631774], 1
[344.5218216527461, 267.39108699960843], 1
[41.78733958090969, 158.5812609904723], 0
[100.53230708658813, 343.8032518886564], 1
[144.050150662075, 84.7995765567556], 1
[200.7807007511267, 328.0510598621078], 1
[234.07613580692617, 166.53830494514847], 1
[95.36673302832034, 79.14486120788555], 1
[201.5486699283812, 243.74350142239422], 1
[284.48516447689866, 276.30027063312735], 1
[62.28797953835397, 94.15052818485186], 0
[203.99664231566132, 290.61416863946005], 1
[40.0359791903176, 319.7555608043058], 0
[242.8941460026321, 144.9711476787531], 1
[326.2275236578014, 193.69424951443153], 1
[144.86235939114204, 194.61142039508013], 1
[82.31788433228515, 73.2389530895264], 0
[336.5077748340279, 197.95579519170641], 1
[162.71122766199315, 4.210117023504609], 1
[44.73012959444736, 97.01457250989124], 0
[66.86496865809212, 317.6204633749937], 0
[14.187589989352588, 145.94565213480627], 0
[290.33845338099246, 86.50542032078118], 1
[181.97710760949826, 76.11098220566201], 1
[347.7895368870871, 345.0712564919979], 1
[203.908159286129, 26.081781445765696], 1
[333.04840137338033, 59.19007498434941], 1
[60.10943791332175, 208.21049754563253], 0
[115.71967902406728, 197.76410788458014], 1
[177.82188143780374, 302.176678754052], 1
[117.59602571382968, 141.1816240721763], 1
[208.9771328896682, 159.47703712930706], 1
[39.89731567998553, 236.78861242399284], 0
[45.04941935910896, 285.1958047062193], 0
[197.2785323468897, 276.7541585362118], 1
[55.791170422375245, 130.88290724660715], 0
[149.164271889281, 197.84166449040464], 1
[265.8115176743826, 165.90169202438355], 1
[102.0443954849719, 26.665507014418797], 1
[356.557340662637, 57.56128950913614], 1
[155.34460926072234, 273.6612994362647], 1
[224.41581737266637, 103.80727656444276], 1
[91.43585928741943, 244.12995105180218], 0
[261.34534175856027, 54.02852850303165], 1
[101.1443459727693, 66.38507009894734], 1
[2.379434650225849, 159.18474727462777], 1
[154.17411875296307, 76.38144915015394], 1
[285.88161495694294, 45.39242551554289], 1
[17.082724734683303, 220.10447138219325], 1
[234.45343803572908, 324.25097939663414], 1
[38.00905869210102, 72.90255689470528], 0
[215.11946850165322, 230.02198193702063], 1
[323.5183353230928, 257.71149870297813], 1
[87.89807195105281, 203.02720121373892], 0
[340.13683363509097, 196.536275609948], 1
[248.02191644620777, 10.27210259675336], 1
[16.04584677710927, 160.60811894876483], 1
[316.55893392565287, 290.68035819370255], 1
[359.38088880785835, 2.211956856105326], 1
[99.75477594390092, 290.0371747648435], 1
[160.7734066544985, 146.29882796233622], 1
[269.81337543999706, 103.48710565796233], 1
[143.79173943148928, 136.71515803641444], 1
[129.0475641350054, 161.80188138950467], 1
[357.53471935887563, 294.1665372728929], 1
[119.12900018671007, 231.42722245250678], 0
[7.212179160686092, 276.72084082825904], 1
[29.78920562665597, 121.02716385585843], 0
[229.3397136378172, 4.616247131350568], 1
[250.18114021131296, 150.49253159874922], 1
[153.30568563817718, 283.51294615667047], 1
[45.09865400374696, 333.665374545416], 0
[218.38719896532695, 17.86821184666784], 1
[218.6191016157487, 177.6933935982877], 1
[35.16002677072428, 336.5201709986402], 1
[353.86581397003323, 12.199600670882536], 1
[138.50160406939693, 272.5186555481031], 1
[8.175960409192653, 33.229451461814115], 1
[202.0627290385076, 324.5465630876463], 1
[135.84857746549102, 215.44494932275526], 1
[132.44303523122596, 47.51975259391007], 1
[84.64516102120338, 302.79418109176845], 0
[97.52241694483006, 113.60525338806926], 1
[88.62319437987361, 298.1161568183744], 0
[286.55910878817974, 278.0487723296664], 1
[295.6095044559242, 143.6219249738235], 1
[96.66843659928944, 104.97213391433446], 1
[213.13582045952222, 249.1393711815229], 1
[178.6296005402992, 53.904037090042415], 1
[122.70018488884855, 343.756176713791], 1
[342.0441246476462, 276.26218240296237], 1
[86.10658284688938, 315.8066039824338], 0
[77.95378650923031, 280.64117999670026], 0
[346.40314435449216, 76.49903553758412], 1
[263.9517889453823, 213.44834594995206], 1
[251.5725662202874, 164.01856237288163], 1
[95.18489361209707, 216.87186459836622], 0
[344.3875011686511, 188.58699365315422], 1
[10.597058426709228, 41.77176650389934], 1
[246.94667148833426, 189.72150208835828], 1
[111.63231912941757, 102.19306310614434], 1
[136.82927703006493, 61.4602547831724], 1
[79.38285537922815, 309.80454704668284], 0
[198.95790655411335, 25.22375948036485], 1
[189.71213752983, 317.11705843168704], 1
[165.26154813602602, 238.202442862172], 1
[302.9231696377451, 158.46529686539975], 1
[44.52170931781714, 6.637969531758112], 0
[188.68251439290103, 182.56266113486538], 1
[120.07776439972363, 9.215428867156326], 1
[20.279130016448445, 260.30495741623383], 1
[71.80755810116875, 3.5709130553776314], 0
[14.797776922339839, 155.72994970985022], 0
[226.58162936555635, 202.97974727818624], 1
[167.9108548525235, 160.3877402417665], 1
[89.52175010086896, 301.1658531945884], 0
[226.3001876833548, 122.25542468174336], 1
[284.3084785498868, 70.08611020746147], 1
[91.3881149915304, 160.97502905566853], 1
[345.056394001252, 234.72322103016052], 1
[188.40248133091606, 264.9870003325305], 1
[309.0348044691923, 195.47518337348478], 1
[297.2895579950914, 135.18000832752668], 1
[146.1349765093151, 26.517492157181387], 1
[288.88892565503335, 89.5281720466089], 1
[119.09061508781957, 273.84164820464713], 1
[61.812220534595774, 37.91326636586074], 0
[258.731169657423, 234.95720831774676], 1
[203.88612005703084, 342.6986417080242], 1
[116.29880385130635, 185.37406208295704], 1
[25.653650236537565, 260.1314728390474], 1
[37.653781992724284, 228.1656601456175], 0
[56.81651753210097, 28.406093285263395], 0
[265.32368741645263, 176.69790160099777], 1
[42.05092747778008, 352.69433991883363], 0
[283.8894025325306, 121.87598264189819], 1
[261.5434324013025, 357.0409411317503], 1
[181.65043066442877, 350.4882869527819], 1
[67.71553886955903, 334.25573202530865], 0
[332.18992479705486, 43.235748894201], 1
[328.32421277763876, 148.4390147029566], 1
[51.63384230293749, 278.9976435604648], 0
[268.39502508605517, 340.1298972738766], 1
[175.08331240870908, 171.9189438873847], 1
[233.5653152008055, 351.81987182907244], 1
[357.5607162408554, 262.7689519946619], 1
[309.4481692934832, 355.3155565114607], 1
[85.93540198863349, 119.69195440949154], 0
[252.5318616468641, 165.95788759558013], 1
[343.9170087047503, 311.54413680573685], 1
[52.46564386101369, 270.202418627709], 0
[34.65084336990993, 316.2280996016671], 1
[133.32383026569107, 319.6327706713911], 1
[82.28998755330653, 253.68341897506323], 0
[60.40654974714302, 247.03603211898934], 0
[211.39911608876298, 74.35986714670305], 1
[316.564919921223, 36.82473971917587], 1
[269.05490108226365, 43.11159500556995], 1
[18.122529913902213, 49.40264635406941], 1
[307.86749361402127, 249.97655382309446], 1
[182.65662009537905, 121.3261334429165], 1
[252.4972523948338, 340.01852438243543], 1
[145.93839413318398, 106.16236628045226], 1
[75.09680888514019, 244.3173780531988], 0
[239.56090903880138, 174.17747873238304], 1
[223.81963354696921, 18.347906991545358], 1
[56.98700012175384, 17.890966369590522], 0
[213.91197944221526, 111.58222618150035], 1
[306.21569739874263, 244.5995155581818], 1
[41.5135921379333, 116.2081533189172], 0
[214.3942645778376, 241.71840982516625], 1
[318.68844193257326, 160.3957815862761], 1
[112.55288902511822, 85.7948783359157], 1
[70.63948054460025, 191.40661023790523], 0
[203.2181416639296, 234.39257073158007], 1
[78.49963221443092, 305.2075886408607], 0
[272.8431182052098, 74.21394787186789], 1
[147.3213790786323, 203.73228666206336], 1
[347.09651682405666, 13.650712140102463], 1
[223.18344602065912, 149.0335416993862], 1
[239.8561091996793, 48.12547502318252], 1
[200.75417691232053, 4.8435650315933865], 1
[236.9117274624351, 342.72297564876004], 1
[344.33682684833303, 248.88066143360837], 1
[290.44317337363367, 171.71432953106228], 1
[223.51345353343262, 355.9856446288007], 1
[263.26578994453234, 43.20330539917609], 1
[296.81849712332763, 189.41018784533793], 1
[81.56406584335183, 168.86856777579854], 0
[50.318206051619036, 14.798674783297262], 0
[174.84632903714703, 230.46624820941437], 1
[333.5985746813147, 221.9581837552085], 1
[246.91054674244015, 73.95804071044203], 1
[65.46703845630573, 156.8724155659505], 0
[358.6069617743824, 82.12020716502411], 1
[47.92408243071778, 59.193889889010414], 0
[307.61239036240346, 222.97420390015108], 1
[57.89463024322919, 38.48580772512431], 0
[150.79264350825147, 121.23383677001257], 1
[102.14899194115294, 291.74672264661666], 1
[26.01763326278419, 142.6420837288486], 0
[246.75987221017283, 110.4625804994402], 1
[339.3149111118357, 234.77184106759472], 1
[213.61665955084078, 123.77056423284182], 1
[107.39505251937689, 183.00823549439542], 1
[83.14501846199171, 177.59161266383347], 0
[63.26919579828045, 57.36613783061836], 0
[321.9639617551966, 347.81419677021876], 1
[48.249878983088735, 317.74383339780474], 0
[244.6073582855151, 136.9633467739182], 1
[354.7424979374479, 81.5831819803604], 1
[23.003332724543736, 39.390025571375794], 1
[77.65787983835617, 5.6924607942957195], 0
[57.743400008235284, 25.72748344889895], 0
[316.68950254013356, 8.53582328291688], 1
[37.8835025941179, 171.89813015736462], 0
[44.97116241109231, 82.16905790588271], 0
[113.7607335156546, 306.53080931720854], 1
[301.87410598657465, 20.448078810472413], 1
[313.64617552785944, 253.56104353076145], 1
[159.45489227587947, 203.60130754455824], 1
[328.1556988633527, 208.30778293896373], 1
[64.32957740724686, 10.81461676369138], 0
[120.39498147857601, 191.928368301441], 1
[327.50248238994453, 236.9881776499868], 1
[85.49036347418902, 305.34533172877576], 0
[129.0999798499271, 70.5115544313863], 1
[248.91912258946348, 9.685838261563223], 1
[191.20585715733566, 359.93468732733754], 1
[87.98417866792967, 286.1787220624729], 0
[303.1181874997005, 322.2084610707626], 1
[195.4385949476227, 167.73331990683096], 1
[155.71387296212075, 172.92868597625176], 1
[313.57923483832684, 11.05272564898764], 1
[231.14823507846538, 32.9771019282877], 1
[271.4292453439377, 212.65313440759374], 1
[337.73363836935266, 36.68556757924684], 1
[309.64191327670693, 8.05229983268623], 1
[233.73686109064784, 90.49761045746416], 1
[114.33605458015148, 64.16691538849031], 1
[164.66313616470427, 225.37326807443648], 1
[347.1568338708078, 84.70262119860422], 1
[146.52871117965793, 124.48460988653612], 1
[107.04988508180547, 70.45121595432545], 1
[69.52744446430921, 115.02451924553439], 0
[286.58619789517775, 133.4180202971067], 1
[94.56831135084227, 101.47858807438968], 1
[148.09469458063478, 326.96469912346436], 1
[333.5518094999196, 319.883325698077], 1
[128.49207086971415, 159.9431735590917], 1
[110.5002414992492, 172.44378833480724], 1
[201.33564018314797, 68.50644378465866], 1
[200.16220132227616, 73.46429028133775], 1
[25.891435225946076, 192.58179264941944], 1
[181.05152184213702, 317.36827849788733], 1
[76.10098508343692, 14.628475344244514], 0
[8.7231823413381, 220.64697675101453], 1
[333.39349281252413, 221.34836364635777], 1
[299.49921402501093, 33.164433465382146], 1
[176.56399058576983, 174.32456919250703], 1
[199.46219318824356, 331.4231569497326], 1
[245.78324049654614, 337.96166436998766], 1
[2.4413487930291033, 21.61748077127988], 1
[147.11093188627402, 338.24978089143275], 1
[305.1314021800104, 201.40165619978288], 1
[292.8574870274057, 14.550404532626073], 1
[22.119618672758964, 66.17657818648225], 1
[244.4469220001252, 236.8964852093838], 1
[252.65612981825495, 355.71200252719956], 1
[337.94796976229264, 65.96243424110818], 1
[339.01390305828147, 171.9156386232515], 1
[282.1921321296237, 136.16679507402446], 1
[86.8880532135291, 302.417110115989], 0
[281.4864105483889, 143.8486328829418], 1
[13.958735646625051, 155.91477212215213], 0
[85.73617501542843, 323.26348523936025], 0
[211.03053475082112, 169.94012545686766], 1
[75.76019514115396, 264.5517016914821], 0
[217.74598158680578, 327.3339798849101], 1
[31.702976430111697, 251.98382679868143], 1
[66.68161996587104, 278.00253105680173], 0
[166.12013562812325, 36.65356993295866], 1
[47.45373172282801, 207.36673972869391], 0
[282.8305388220004, 101.48011596929183], 1
[115.51272013315746, 32.11528441795255], 1
[262.5737691599861, 338.03373069822095], 1
[235.0845191833292, 129.04522915568594], 1
[115.65859643709082, 184.87813744784216], 1
[339.00530112827016, 135.47703733096697], 1
[7.688915230287043, 355.5934576641497], 1
[128.70874397895938, 220.05663023489439], 1
[239.4248237703151, 50.28503562683785], 1
[129.62460384040276, 232.97277342322758], 1
[208.22932245327763, 288.7525072221798], 1
[261.3964935070154, 341.68644744493133], 1
[214.43419038776648, 173.99919268060353], 1
[303.1573554981069, 136.84867070629963], 1
[223.16412882403753, 331.2510638663418], 1
[242.12443267596396, 140.21995877839757], 1
[150.02034722081794, 342.7035052866791], 1
[273.00555389094814, 202.69173605654018], 1
[12.55662765508239, 141.79014188312672], 0
[117.15627770957403, 344.1138035899305], 1
[278.5867804510461, 107.68462053799482], 1
[231.6977848367119, 236.49800708747168], 1
[171.50365857875678, 172.2103351925734], 1
[82.62487699539483, 174.74459814391042], 0
[63.16471436276767, 242.16192208767106], 0
[345.2630184627969, 93.14117599524776], 1
[90.6811339766028, 196.32325984897335], 0
[253.3938623084731, 94.57617181006158], 1
[267.10316791534035, 163.56003764173613], 1
[209.67958005491073, 166.48256372997307], 1
[142.51875065757238, 41.80906979817528], 1
[239.10313896109497, 189.9250482065607], 1
[178.54593684413788, 335.5887403639066], 1
[230.34599514871587, 261.4959137131406], 1
[293.24536089296424, 353.3615960247746], 1
[348.03152786027493, 163.95936586282414], 1
[120.84263333860792, 45.22887279890832], 1
[8.857247278240434, 92.3831540905272], 1
[68.68591214749146, 160.24027578766987], 0
[181.52185284697214, 9.54600612416968], 1
[161.427933287708, 228.82141097894336], 1
[311.9748997348301, 290.55496586456525], 1
[118.50494239144385, 299.7110154208942], 1
[352.7092360176976, 93.94453636889835], 1
[188.4472887078282, 118.01665003663948], 1
[180.57355106639739, 36.28772041953546], 1
[121.11733153255055, 182.0836768232027], 1
[164.09667464676642, 257.1808268533465], 1
[187.81734039459664, 262.29770183687174], 1
[30.983726999507294, 272.08551755532494], 1
[274.5308346061533, 76.66692867433173], 1
[233.58232215288425, 250.88807200990644], 1
[227.45941542501546, 287.2773129551257], 1
[98.68559265812875, 303.79264944409647], 1
[133.00747532576156, 251.55226005712692], 1
[145.27790129400913, 338.798415070036], 1
[53.569095040056006, 146.47503345129516], 0
[291.0191371988625, 175.289046051896], 1
[222.85244824242625, 170.23711639187582], 1
[115.58520775347601, 129.71620037953465], 1
[189.51576331961343, 103.64120186383148], 1
[348.50587596633306, 47.91730551874155], 1
[287.1990972657973, 161.58977485707425], 1
[135.08537639140616, 13.794676502866604], 1
[155.6017760514056, 115.73992588828703], 1
[5.07811506171457, 349.18187582941863], 1
[113.81550628931166, 281.14530987345023], 1
[177.8108347477065, 303.9574599486293], 1
[201.61244616830072, 235.80521818507037], 1
[26.646995162983764, 324.1607086561929], 1
[346.9614064293807, 125.03710020717192], 1
[35.76287742063486, 0.39429950662536406], 1
[347.84852732706963, 286.9641429669047], 1
[173.59632141692146, 100.06546297420404], 1
[194.54901607151203, 26.96858208231584], 1
[34.18057339505842, 112.81891811069228], 0
[180.2274362162377, 25.800355219433023], 1
[221.02910926175326, 89.28540305896571], 1
[212.70937714235365, 331.7983646876791], 1
[309.70212636988055, 233.27108811519224], 1
[101.71145972681104, 154.8716106182253], 1
[208.00540054764147, 79.60783123524021], 1
[173.18884232942378, 1.2102582007093066], 1
[54.23601623621445, 226.39530998109183], 0
[136.62852291338115, 157.37534127548332], 1
[298.9958589730228, 50.63312699037215], 1
[284.82881396418145, 83.2545420272708], 1
[31.637174489223856, 339.4652689702235], 1
[278.0505698363901, 304.61848400887055], 1
[263.14451623401675, 34.92099387970477], 1
[109.46651460680448, 207.92406071249005], 0
[156.7873475168984, 122.31660322771054], 1
[46.96491968991266, 189.90336612139444], 0
[185.9899386705745, 197.38435961728928], 1
[36.56969228049597, 182.17696980837195], 1
[254.55664393562753, 340.4934098604079], 1
[197.36928737747346, 305.4097927885275], 1
[124.15532555741204, 168.93841382863764], 1
[216.58841223335784, 14.136751426623686], 1
[232.39710191583214, 282.2480655015331], 1
[187.9945823614032, 309.7835537088715], 1
[322.1634300897327, 219.04009756436696], 1
[207.10104190313334, 331.36681988860767], 1
[47.752641592056484, 113.61919444331919], 0
[288.2030732414941, 314.59719563081046], 1
[28.20629329808551, 264.83995703166886], 1
[308.4907256641437, 100.70110419907677], 1
[196.19866171369165, 154.4965267169625], 1
[101.80064319105726, 191.5167674722699], 1
[322.92241621030325, 151.3989619039263], 1
[131.681175128274, 313.65232801708044], 1
[89.20733606044104, 132.91495849974035], 0
[268.54511453936567, 260.6851507360122], 1
[278.5716740313109, 261.37922030848983], 1
[294.6133539893876, 102.41914342963216], 1
[76.41314027352423, 134.39132233500047], 0
[175.82532557192593, 183.2872892677529], 1
[151.26965656328093, 168.14532926582132], 1
[100.07038363147677, 96.70549929361933], 1
[147.49233340914486, 172.57546511218956], 1
[215.86343611915868, 46.28809415202862], 1
[337.4977163394292, 170.98792757021155], 1
[69.38697320326214, 15.815453848091758], 0
[275.5090610496413, 86.43509458729785], 1
[21.102518141719084, 311.21046534440853], 1
[210.88162635769717, 110.05048051842883], 1
[327.2660217358326, 191.49220794182327], 1
[291.30871396047957, 337.3986521121278], 1
[58.954920060261465, 317.04295140611316], 0
[346.0631227605215, 172.94689826365996], 1
[333.7582007512344, 57.5094320724703], 1
[179.06266803414925, 330.18673355031666], 1
[192.52746717294582, 288.9693869951301], 1
[355.52474316855574, 344.36004358106925], 1
[21.154004476987957, 257.0762032875615], 1
[15.80217839226956, 169.5629766547097], 1
[263.47040415443735, 205.58648457528966], 1
[267.96911188684993, 155.79621428923295], 1
[329.1715635199947, 291.74105232378156], 1
[106.15273028681588, 21.917693776462336], 1
[224.73819046229414, 36.9975871608828], 1
[37.51644394849777, 61.931270562044695], 0
[98.83375456456007, 101.77406096999377], 1
[32.45792897629214, 294.3011715600736], 1
[353.9622566569806, 51.028499805140676], 1
[270.9018926409671, 263.94123619377353], 1
[4.993746484942556, 66.05342747102586], 1
[56.32508300463114, 298.0733654506275], 0
[270.9656255705574, 11.476308651191127], 1
[107.36915575536729, 149.68045872885634], 1
[340.53835895072217, 88.41008844642596], 1
[82.88585339113583, 104.7105012385328], 0
[285.00804972851483, 139.15283901891743], 1
[204.17912343032248, 92.1174617186301], 1
[201.1290683453272, 331.535348359172], 1
[249.11504598022862, 291.3367212218997], 1
[338.30541180659696, 184.3975628500828], 1
[227.4401832238965, 31.55202682749757], 1
[69.6497731593004, 85.77347507205386], 0
[280.62285094539465, 142.0738453783], 1
[283.119050735026, 335.34286368149003], 1
[190.94110783880964, 98.02969908216471], 1
[187.6445965531719, 12.26619470795522], 1
[289.3081753187458, 275.60488542907694], 1
[133.72354372226604, 13.650900745183016], 1
[325.64175984268144, 266.52923855702045], 1
[112.2698391699279, 170.69676125107677], 1
[0.9414305682570578, 46.17741772397413], 1
[333.5593078774971, 346.63855641590277], 1
[114.4246932296182, 76.35251579652953], 1
[298.6259241264536, 322.0247597251278], 1
[106.49486050397317, 256.59090586428067], 0
[124.73520285098967, 205.49019415085297], 1
[309.0996165011647, 122.09388952973353], 1
[121.98113821866508, 70.95767486953105], 1
[57.417736972192486, 29.270040772549642], 0
[320.85947273350814, 249.91689281884453], 1
[259.9665908357132, 159.09959403148076], 1
[177.4685028315632, 211.65477363180798], 1
[161.12434098675638, 33.44270823185059], 1
[211.60358176091478, 29.439666604264563], 1
[287.35071640508716, 328.21771039268157], 1
[11.045832343928197, 157.91239972974017], 1
[148.2698810134392, 123.32039503871596], 1
[132.69253627099093, 88.53784563729153], 1
[284.9378853119996, 329.23580940859955], 1
[271.83596570922913, 270.610217272664], 1
[86.84990597095616, 64.13291711755929], 0
[339.91373402657223, 172.45651448012592], 1
[100.36794814310537, 33.00260472334885], 1
[249.31756887077663, 268.5487237675491], 1
[228.92349908915423, 267.4455813606367], 1
[11.225309240581979, 261.04433892797323], 1
[307.14962468957503, 87.98573183316749], 1
[49.563845972558404, 129.0760531030406], 0
[281.13048738858697, 57.006770956705836], 1
[35.727103558860605, 95.93071098995863], 0
[299.0477939727487, 269.6187296425715], 1
[131.66739854459408, 249.93090110040058], 1
[53.18330633561469, 294.83232834235713], 0
[133.13818202412614, 186.7717802279651], 1
[262.6395688486166, 62.67150892274057], 1
[188.15131983691117, 85.36084747626663], 1
[23.476614215579517, 98.71091370387202], 1
[192.72865589296063, 155.49862257980595], 1
[134.0831577642343, 7.849289122889012], 1
[238.84005590718894, 292.19404084266455], 1
[243.57069940797817, 33.516882514532156], 1
[67.37283654217006, 25.78312350212629], 0
[40.662828862886, 49.94564585127952], 0
[300.9239119311409, 202.7112563059111], 1
[245.31017534798417, 18.783233681810174], 1
[327.57460700800493, 265.35628148168973], 1
[20.585516901178103, 228.7385195846106], 1
[355.7002727755816, 286.260308445678], 1
[46.18414408733375, 52.92481835655919], 0
[122.47302612128048, 110.50484362299309], 1
[2.7456234927601386, 155.93949537972037], 1
[321.35369607587114, 126.2573613430131], 1
[41.83652408108055, 235.49604142145523], 0
[135.30810180045287, 293.43120849422695], 1
[128.1479578823824, 203.575220179236], 1
[111.69696004485162, 359.5202278633983], 1
[179.44374869562296, 271.25771299302784], 1
[37.23391406382271, 197.61429787005216], 0
[308.19823965726795, 137.78252927328407], 1
[294.5247941756107, 208.48115645737974], 1
[169.78768317561875, 259.5910502806895], 1
[253.6980150734341, 348.0079622249157], 1
[102.50216457237474, 79.73631062133927], 1
[193.8988912945873, 334.3822684576703], 1
[316.2421679887202, 330.39900337237935], 1
[274.4740586823969, 159.0477061718348], 1
[7.929710779575743, 26.028556555479753], 1
[21.692765256445554, 315.10957062816493], 1
[166.91215687341253, 243.23351121102476], 1
[284.6591692246626, 295.0709988580364], 1
[138.10421027883453, 43.39903114933254], 1
[315.01877192470295, 253.34418403651898], 1
[37.42574281692091, 233.6561486137628], 0
[249.91003342066386, 43.85914112927479], 1
[100.36932877555044, 221.46325748615618], 0
[296.3153684332611, 247.56308663832158], 1
[338.2114546438501, 243.6123008912748], 1
[116.43220428901085, 210.28656422764396], 0
[355.2123042510879, 254.31146202771166], 1
[157.45183234056202, 43.187581078813096], 1
[304.2448539428201, 186.1134882455084], 1
[33.319820857819494, 99.80401587371594], 0
[64.62291720830667, 53.39382011360793], 0
[143.74389966214923, 357.4947268195378], 1
[121.39195936180373, 298.3741934337638], 1
[324.04485796294597, 104.09826718205264], 1
[12.35514929284577, 5.799065228275722], 1
[61.729275914078144, 309.93391267279645], 0
[306.83997862984455, 334.1643083400233], 1
[177.9851516169279, 32.09761290917362], 1
[289.3601738997613, 3.1510295221744045], 1
[179.28526356774017, 92.84774356037913], 1
[180.34653455232458, 294.11287991535636], 1
[140.22140582048138, 19.660279303701387], 1
[93.25103732589528, 153.0622884107487], 1
[165.19998390284437, 341.0024784016004], 1
[183.74360821749363, 312.98160641701537], 1
[353.08105767135453, 123.67646218668432], 1
[332.8791203521081, 292.81774983592067], 1
[247.18343574584506, 57.77215979238279], 1
[149.34834458923507, 77.29473599492474], 1
[342.8183866084571, 312.90503636200384], 1
[93.1967870327622, 75.65623013706539], 1
[14.845899575659613, 6.330267520221158], 1
[338.73503959111514, 133.00401756319556], 1
[76.06393240833712, 325.1175149320114], 0
[341.5996676209542, 325.4288739878053], 1
[189.7203075965113, 178.0504602843859], 1
[75.88637071111766, 205.09712744807925], 0
[102.2082575375387, 148.7198230212266], 1
[125.97477202960903, 139.612276164795], 1
[162.15948045920285, 241.7372459881001], 1
[112.26815040646248, 170.2881961192982], 1
[95.847034492702, 79.79591814742386], 1
[202.30254835402064, 107.90063174101857], 1
[29.139852379578688, 214.50443507480222], 1
[273.8491507028217, 276.5658877423567], 1
[125.19286029351835, 17.225829808767674], 1
[33.69224199777112, 229.55518459881466], 1
[266.46406845870195, 68.0039023761007], 1
[338.02273095501045, 281.37686121717815], 1
[341.9189879371963, 297.99747456004656], 1
[65.6997354325724, 307.1239831696857], 0
[115.70417322018005, 351.8943790783952], 1
[214.03302310851944, 10.684608098985855], 1
[42.602087578741774, 134.54151392979736], 0
[320.8225371273065, 160.11970740784906], 1
[219.88597620475102, 310.2247024661116], 1
[317.1917650931441, 40.167395681767985], 1
[357.21693375335224, 266.4356928667991], 1
[64.9833284330521, 210.5443453689477], 0
[202.6051897713835, 257.8320202327423], 1
[83.02582668159732, 314.7641504970688], 0
[157.83189817845224, 76.84157182463636], 1
[198.95902482425709, 127.12175520575775], 1
[93.72377803867454, 130.2550821928444], 1
[91.65855332606907, 118.21925629163844], 1
[111.27867250568772, 337.8907930307848], 1
[161.91591126387516, 214.20753844973504], 1
[157.72016236592552, 120.16846491427872], 1
[197.2869849919816, 207.1716641765641], 1
[333.7769018809033, 59.07235777711036], 1
[266.89664761824326, 123.47068107682726], 1
[221.02824696677087, 269.1256276369508], 1
[39.168308771974274, 55.16307427526769], 0
[326.4322465118782, 204.91334173908774], 1
[178.51221069619766, 55.901187767079634], 1
[146.4119742414459, 27.985589043753897], 1
[229.44863792729222, 105.56801154447989], 1
[281.0802606846032, 299.20835634316376], 1
[234.04999532171175, 13.536340383533346], 1
[248.49673217826643, 87.63327995963196], 1
[146.01757205475204, 195.15970052099976], 1
[91.12826943110295, 30.234549829031213], 1
[2.6961108945157664, 337.66481285248665], 1
[155.25514621615778, 220.23191533058954], 1
[268.29271345526297, 345.8921356550392], 1
[263.90970666427285, 81.38630099244065], 1
[292.8171927389322, 344.0465975996216], 1
[51.135981946586824, 155.8643631196689], 0
[229.73533594694842, 346.45423509577824], 1
[225.83973932843418, 345.6792268841073], 1
[302.59188014660464, 17.46507952902975], 1
[224.89928425564165, 312.22248150265756], 1
[332.3626839197486, 229.30494949233358], 1
[234.26293380952535, 152.5398309919059], 1
[105.95239692973858, 171.0284187590282], 1
[205.97712925301232, 52.28863778312566], 1
[140.76103047902424, 243.38573963184677], 1
[322.0869706975822, 20.780548086784002], 1
[271.759423636769, 133.91936969966355], 1
[65.3953181936972, 243.02558011731472], 0
[232.8642133670402, 145.75758094079984], 1
[337.997278195325, 280.72267826352595], 1
[212.2781351743973, 151.92169882100814], 1
[151.35198092026968, 167.40530805949854], 1
[227.82226290023164, 301.8280988591303], 1
[297.9571277724399, 282.1684894937938], 1
[354.41738417985647, 116.55799687120974], 1
[85.05861578993132, 235.12475253735556], 0
[9.769410800981202, 285.5198437957709], 1
[126.32316934494781, 219.05004203100214], 1
[249.4787197140628, 105.40990660752276], 1
[9.738335611899558, 290.9889986037629], 1
[240.02964519535644, 1.5385402620473032], 1
[352.97868902947073, 40.3977389353646], 1
[305.2795294191628, 338.1228948566233], 1
[199.3263424448489, 305.3203724279908], 1
[196.311759082976, 174.09128597156297], 1
[279.39402459296235, 18.41282373793394], 1
[229.23319640617635, 234.01298065288887], 1
[223.73809315783606, 176.57087874201102], 1
[347.53547463739784, 293.96421246607196], 1
[345.8690245091415, 177.49754114143013], 1
[159.18709094000639, 137.9105786807028], 1
[155.65647657326352, 286.3784201638802], 1
[91.1229391370241, 265.215899037593], 0
[6.153954393937702, 138.51552799133367], 0
[106.7954562843521, 306.48215846173736], 1
[71.03558971909501, 123.12329202144096], 0
[205.66682485601137, 133.22192369036804], 1
[273.9304232577899, 317.88120566122666], 1
[247.55006118489965, 98.48255554403195], 1
[66.4430869315035, 242.5948238634889], 0
[154.38514654374407, 211.46766103971297], 1
[350.0731527259084, 39.50840327441546], 1
[212.5170011776429, 143.61092696427716], 1
[218.57773704299137, 309.42366110854914], 1
[129.00409644252045, 80.5003445906438], 1
[189.3118029296977, 211.46651546223939], 1
[245.97104747565726, 94.4605399385261], 1
[260.9156823899796, 8.893392399794603], 1
[17.76143977286713, 62.80732113129862], 1
[66.65880397926612, 292.56741585190605], 0
[29.942916855037126, 112.64165977030923], 0
[36.941135571986756, 43.05776767740019], 0
[20.848674521557456, 299.61563667480914], 1
[272.15901161480633, 46.91270648735751], 1
[262.90585957134215, 58.42462081400546], 1
[321.06599751446635, 182.8144696774579], 1
[259.7516145799824, 77.18845940874644], 1
[338.4518738485869, 31.810737118055755], 1
[62.55126453867016, 220.61882854783997], 0
[192.2533806966839, 184.58729567454333], 1
[231.6748884242521, 303.36872490319735], 1
[3.193848519741924, 271.60528015650317], 1
[50.39598307123739, 170.56790271217486], 0
[144.16887373880826, 292.0002401548642], 1
[6.429601498022861, 51.5542071280026], 1
[86.0627618628997, 147.709339631682], 0
[249.42711296110858, 151.04731116918748], 1
[277.03086069317345, 61.73585262111119], 1
[185.4495643104672, 98.48704741903998], 1
[284.2484628448486, 245.1550955766787], 1
[16.65641112001975, 203.95743579493654], 1
[42.16656679414963, 8.425400012268787], 0
[186.47996924400434, 357.2714532223857], 1
[147.11463128951777, 254.42890693568253], 1
[297.7135833081746, 135.14260313099183], 1
[289.8710943295395, 280.5264035118157], 1
[225.40092193744857, 263.30071512514655], 1
[297.97073160093237, 289.2552327042922], 1
[338.1544467732145, 306.0596186053024], 1
[48.07479066736646, 117.53279055746644], 0
[339.23610894738914, 98.73056986466497], 1
[0.2914186732096091, 286.6819490261884], 1
[154.25455519127874, 186.1041177290641], 1
[226.51686166524206, 51.66653496250536], 1
[140.37199299989513, 9.71920020356185], 1
[78.5611396307488, 117.83145189831413], 0
[281.08786182953753, 350.8732538623836], 1
[192.4706291389447, 356.117356708334], 1
[195.3219978987799, 346.13610766906794], 1
[187.6593768291914, 185.8172477481986], 1
[178.75081260059693, 31.691220726375956], 1
[283.094783117961, 130.07294295899646], 1
[327.0456160819781, 45.03167090847194], 1
[343.553550016643, 144.02808321016536], 1
[329.3971111736215, 287.2505735969515], 1
[327.3196347382076, 204.70267232688337], 1
[355.5706689477674, 220.81442828067313], 1
[175.76798254454246, 88.07210144362585], 1
[78.00099667714878, 77.24987306938431], 0
[104.73253447280429, 303.6627553600718], 1
[165.42232957838445, 55.301973482864454], 1
[107.97745813686151, 333.09954670956273], 1
[295.0358672212708, 351.2837001082526], 1
[134.42476287375231, 190.38669075061983], 1
[330.7327723645805, 343.06054077644427], 1
[263.48466618486657, 278.178158451119], 1
[289.58992562430495, 280.6040381810345], 1
[79.54475026631904, 218.18525458379656], 0
[334.2460447751481, 348.2949830287133], 1
[103.91285788388002, 158.25598246816313], 1
[95.47192017636965, 332.7454440259867], 1
[270.7617168809426, 200.0564932951309], 1
[95.46086272084756, 59.661999074634224], 1
[286.0800091098382, 267.39898894829594], 1
[342.888918323159, 76.04224030803867], 1
[59.67550732036381, 224.2229377650215], 0
[22.039766130779874, 257.1759092769103], 1
[161.3918601712016, 272.01545272419264], 1
[226.88489186444792, 295.4093077249335], 1
[172.8699819249188, 348.91608106294694], 1
[291.18641496996815, 56.19292903365859], 1
[3.0587459256744776, 91.54490378356891], 1
[10.835294511580722, 171.06898152348006], 1
[111.09366801316484, 32.95918191229704], 1
[162.86263784528316, 348.25593215710967], 1
[355.49208988798006, 77.20223584778871], 1
[236.84727640621102, 82.19190501919435], 1
[176.1297468631265, 76.86972874918435], 1
[233.4836713050828, 350.25924501445394], 1
[283.7806545182332, 106.17525288368013], 1
[181.6083408414051, 294.4226941873826], 1
[114.44623573664784, 284.83304613841034], 1
[127.56203801088687, 209.2179647337051], 1
[182.54867653705628, 67.5251837142668], 1
[256.5743062956791, 126.24368485115153], 1
[355.1062765412276, 216.12275624294517], 1
[196.07696639435414, 272.26694091687267], 1
[255.2579190807407, 279.5962113745081], 1
[163.62284068155483, 31.576121721190432], 1
[323.0031206903413, 260.26920444799856], 1
[21.17544439712713, 139.99269450291155], 0
[105.63615840216686, 165.26683105884666], 1
[144.3716069034367, 34.637527070827915], 1
[316.49273199285545, 290.46862591664217], 1
[27.384978099032388, 51.559129620575554], 1
[82.51908077520648, 340.2703402436297], 0
[180.44386352872954, 288.92882308664224], 1
[296.06568117190943, 264.64381809281355], 1
[237.03611832102033, 339.57741566574117], 1
[20.992188597299332, 131.81905482427547], 0
[264.4217223077172, 171.87499171303017], 1
[138.96377537061733, 166.3307703600135], 1
[8.042433533751424, 297.2704149322817], 1
[15.169037278672842, 37.982889617897015], 1
[207.8198689287939, 130.3945628994282], 1
[177.08864849969228, 257.5958692000692], 1
[312.4040971517137, 236.9428634183932], 1
[10.28189563380173, 263.67924186676476], 1
[82.86107957092017, 177.62975724665804], 0
[37.41122076570088, 203.08132242799374], 0
[161.23438797463626, 283.9695115855709], 1
[328.3622328560564, 328.73198809331257], 1
[305.6303938742436, 295.418292590034], 1
[165.5555049560386, 275.3911646857436], 1
[198.5111952303684, 248.68876959381046], 1
[334.9409593780997, 173.1005515162633], 1
[41.51928374841426, 99.36803128761196], 0
[56.242784868321166, 322.6752074538808], 0
[101.59181215501408, 20.513734090959513], 1
[255.5825803683029, 151.12871676762782], 1
[55.740992007504715, 303.0023534250949], 0
[147.92603822944105, 284.0922607261516], 1
[201.90964616365957, 22.885240118188335], 1
[343.6410183255326, 269.8821039816305], 1
[30.957774739442527, 219.9402345649757], 1
[121.32967651399967, 27.555166575477834], 1
[348.0805519582918, 1.2489952602136256], 1
[102.91484611909398, 24.241820268653296], 1
[166.08180043994255, 77.54112657474636], 1
[227.84224394030628, 98.1166579193042], 1
[44.35262794487369, 207.5384506390529], 0
[71.31552085389787, 152.2842283290498], 0
[337.05601071762055, 143.60836987363714], 1
[186.77779858400748, 28.65377187629678], 1
[67.72385509852174, 135.93871964372056], 0
[75.42353766803312, 53.02600901959246], 0
[50.011348382049505, 259.1365939542511], 0
[57.08465471218314, 120.29519043503149], 0
[284.096807954722, 115.5456405813397], 1
[357.0912111374132, 135.04734443096586], 1
[71.53339689997945, 253.30917719990595], 0
[273.5310577658069, 359.75798806915213], 1
[276.07105840779076, 108.99101215214041], 1
[312.5304863114181, 56.974771747200215], 1
[172.57452651889756, 59.18640912513362], 1
[31.34066194357523, 188.2350968397313], 1
[27.458811823092418, 25.629421334120586], 1
[47.7379373271357, 130.46852398489892], 0
[10.115565648969742, 234.73314671381823], 1
[222.36025450436995, 41.62325671110659], 1
[6.7239958222839125, 84.06378051179139], 1
[130.17924449218634, 79.11542679529946], 1
[146.4129883051928, 196.01648941480573], 1
[336.66232347538823, 76.25176838861127], 1
[289.6682265447774, 32.278572118646885], 1
[115.73072000686335, 255.64747206011637], 1
[348.95660626982954, 223.53285353098607], 1
[59.523557062401146, 253.2145731293476], 0
[341.02284554750116, 310.18354722607097], 1
[235.9635266389324, 32.23201526146122], 1
[216.68825680790653, 332.2162984961559], 1
[125.83940772193922, 5.104171127426174], 1
[324.82092201900457, 61.998561572144915], 1
[266.64615971381573, 300.11626687167995], 1
[76.28756379234062, 43.94748942349115], 0
[230.37142914127264, 310.26852335743587], 1
[56.93826396416364, 246.942664652916], 0
[219.47672129878643, 196.55151824308447], 1
[297.58620685158184, 73.29983134392344], 1
[226.457770691189, 21.099449476312785], 1
[141.9454937063838, 247.63588433585156], 1
[93.45147993679701, 176.01140621539773], 1
[19.636738680735483, 80.1890973834146], 1
[171.22781994752808, 354.21779800291193], 1
[245.24732304421448, 254.94884489354754], 1
[82.85157496651709, 73.46067021930581], 0
[192.78069412712625, 214.56762159329284], 1
[130.83171239635894, 12.016219984103316], 1
[346.4539453963158, 249.17291269991026], 1
[41.285364962823046, 155.3804007422492], 0
[25.233420902284387, 16.353181110274196], 1
[72.89138147635069, 85.07938841532255], 0
[234.25328538644234, 29.75220457192211], 1
[50.86061539611956, 146.5232432445656], 0
[47.73944903926449, 66.51282986867781], 0
[158.84184569046593, 1.905997729453346], 1
[150.7586980541961, 163.58899273161538], 1
[262.9873216822268, 176.36170426921672], 1
[141.89308057112214, 283.3358531382842], 1
[300.0959503200953, 256.5730285753444], 1
[355.40280083342844, 316.68306721475386], 1
[22.427070895808384, 167.9423390786051], 1
[21.706800458766146, 74.57194690219933], 1
[110.3905053823509, 315.9158219847142], 1
[275.3874035736756, 260.22847261165106], 1
[187.8275563824746, 129.41549344923322], 1
[56.38697082795979, 351.60032976924657], 0
[81.98701083286707, 258.47903081056376], 0
[23.088762945107785, 310.2472872745378], 1
[293.1524775122769, 275.72724197030743], 1
[72.11658604442798, 158.421844294079], 0
[97.14032344995819, 106.4402289888366], 1
[38.22657446561115, 32.56795469370885], 0
[105.12592254891807, 310.072099722947], 1
[108.16223875938343, 75.8056713624913], 1
[333.1771814162801, 272.26615122835943], 1
[352.29898738165787, 324.15018285647216], 1
[264.6927078543725, 28.227186321382952], 1
[253.40256310441632, 357.1051261862878], 1
[308.76201975395486, 66.64231075449803], 1
[264.2758832548092, 66.0217966477653], 1
[21.116215028131187, 256.5724891098239], 1
[33.185104612063824, 225.3370821289678], 1
[134.45450130360388, 153.69194344123127], 1
[39.902054325555866, 83.36965074545022], 0
[59.533127669690025, 185.07380075568747], 0
[228.97367897274376, 274.77635597254516], 1
[22.701317820186805, 163.97947630793433], 1
[333.722050131804, 120.64966402309925], 1
[240.08573443015007, 215.49478239144835], 1
[68.23238905413734, 349.03916530602754], 0
[219.47726466383986, 297.00421446215483], 1
[175.36661995099607, 55.435764657763], 1
[75.30735348244266, 12.331658850275463], 0
[74.0891711151373, 36.996414924390805], 0
[320.18914966535243, 264.6339492819154], 1
[236.4560492339604, 195.57348726928745], 1
[350.85088944578047, 222.34749155054303], 1
[155.06566787555425, 342.54110875734983], 1
[276.09542123820927, 170.78137275056045], 1
[312.8690368134602, 352.9209168785656], 1
[229.92880283555655, 55.38702442849876], 1
[140.48927726429304, 216.8083878790293], 1
[299.0904668227368, 233.6507796065271], 1
[281.0474596292915, 207.27525449346194], 1
[137.47210852500987, 344.81524777996833], 1
[200.676453718816, 346.8479532984799], 1
[331.0446608946267, 223.22801384841864], 1
[16.383664679589423, 280.6567716899022], 1
[343.3025340835687, 316.724653346358], 1
[171.30734216852468, 348.7836280499394], 1
[25.019431684053618, 212.9613925946149], 1
[280.5320919020879, 63.8187213958643], 1
[253.5203599769215, 268.00188470954294], 1
[344.2227316202852, 144.6957218370062], 1
[276.14091063782865, 95.30714851794765], 1
[261.4635025150563, 32.32169791471593], 1
[340.56775711670116, 35.57082732230939], 1
[9.884560459249535, 182.37770318253922], 1
[23.783023276816007, 332.15412993224896], 1
[300.18930012754805, 248.78700575109184], 1
[201.07542619228792, 0.7919382623306959], 1
[172.2970536360387, 327.25790445518925], 1
[37.39955725985167, 331.1383262692331], 0
[155.23999014904354, 198.65818168867233], 1
[11.966220483663541, 8.89051782396959], 1
[184.26783596566392, 228.13461833505195], 1
[198.3940693628123, 138.66106244431577], 1
[48.14915166202538, 104.10240440391901], 0
[91.93600815206955, 144.21330791250574], 1
[291.5251462939786, 152.2487345023713], 1
[199.20638869431326, 68.98741403613673], 1
[272.9318716835928, 50.22699067537792], 1
[197.77680406816924, 31.134014796048714], 1
[233.64646177158437, 62.89998070152738], 1
[317.00562724721243, 279.58672537259156], 1
[156.71104321140993, 109.81346303229381], 1
[143.58325593609428, 96.68937108711313], 1
[17.306192961316512, 281.85103896620024], 1
[4.554487931833435, 202.72891023048473], 1
[208.050178027238, 5.967338092300838], 1
[10.890085654870996, 204.311429836892], 1
[273.480334600958, 167.31541001114587], 1
[127.99570118343834, 265.84906308324867], 1
[86.11808464436638, 241.46242587993186], 0
[103.32499229917526, 300.98628208635597], 1
[220.41441678361647, 353.7045532075794], 1
[262.4935551770726, 76.59069467803161], 1
[245.956965628148, 114.57026402528952], 1
[123.93471188365064, 266.7010569398836], 1
[167.03167200249058, 265.39117563072466], 1
[256.1088344102221, 183.74469695509868], 1
[144.27440442617527, 303.69148847720004], 1
[39.044645316981644, 315.29687285245296], 0
[242.71117372627137, 118.2444823637054], 1
[163.2133160186334, 270.0804751208514], 1
[22.450546869949317, 160.30888997616196], 0
[54.761080209620104, 73.3619308675972], 0
[208.10289729346007, 255.19379927236534], 1
[293.6069794561562, 152.11774282404372], 1
[333.96600717753006, 167.01589725828362], 1
[216.90765588804945, 333.37648377841884], 1
[231.88261399033433, 69.53012697065586], 1
[333.0775274099342, 285.8225085868264], 1
[156.2425303773002, 97.52496701041476], 1
[304.40486002637743, 142.33252775587744], 1
[224.28478223046, 359.13582025225065], 1
[119.58804260586791, 138.8540815415997], 1
[339.2220305348016, 197.60863651707254], 1
[228.04269988582703, 287.94006584499806], 1
[142.3698442259256, 313.51834550201636], 1
[251.802928341047, 152.41847802851322], 1
[323.4627586188399, 114.88996944864431], 1
[295.4134524766956, 252.79665709997883], 1
[287.5292102754866, 24.977944600115887], 1
[183.9135903366696, 254.6986809308128], 1
[67.15139580056743, 300.6382816534074], 0
[347.7607584616746, 88.40401178346538], 1
[268.10174071939167, 42.84000234900263], 1
[269.3518463313166, 172.91497890820952], 1
[294.43559871415596, 96.40742452502319], 1
[44.97591682820623, 121.72191452647009], 0
[145.39325550974158, 90.69810278152363], 1
[182.92840306207523, 180.9354758409743], 1
[188.82460298322817, 255.91364797005542], 1
[45.50444023711019, 55.94825044423269], 0
[285.6749441700683, 61.124419274631606], 1
[103.88463007971171, 318.51674683204357], 1
[97.14496719473338, 108.74889225373917], 1
[216.42361756669627, 248.7306878476574], 1
[226.29856466596613, 120.07690775745004], 1
[222.3947354610208, 82.71275234228617], 1
